[0.0, 0.0, 0.0, 0.0, 0.0, 1557406660.4317155]
[0.0, 0.0, 0.0, 0.0, 0.0, 1557406660.447298]
[0.0, 0.0, 0.0, 0.0, 0.0, 1557406660.4629197]
[0.0, 0.0, 0.0, 0.0, 0.0, 1557406660.4785397]
[0.0, 0.0, 0.0, 0.0, 0.0, 1557406660.4942174]
[0.0, 0.0, 0.0, 0.0, 0.0, 1557406660.5097845]
[0.0, 0.0, 0.0, 0.0, 0.0, 1557406660.5254505]
[0.0, 0.0, 0.0, 0.0, 0.0, 1557406660.541064]
[0.0, 0.0, 0.0, 0.0, 0.0, 1557406660.556685]
[0.0, 0.0, 0.0, 0.0, 0.0, 1557406660.572306]
[0.0, 0.0, 0.0, 0.0, 0.0, 1557406660.5879276]
[0.0, 0.0, 0.0, 0.0, 0.0, 1557406660.6035118]
[0.0, 0.0, 0.0, 0.0, 0.0, 1557406660.6191335]
[0.0, 0.0, 0.0, 0.0, 0.0, 1557406660.6347547]
[0.0, 0.0, 0.0, 0.0, 0.0, 1557406660.6503747]
[0.0, 0.0, 0.0, 0.0, 0.0, 1557406660.666]
[0.0, 0.0, 0.0, 0.0, 0.0, 1557406660.6816187]
[0.0, 0.0, 0.0, 0.0, 0.0, 1557406660.6972399]
[0.0, 0.0, 0.0, 0.0, 0.0, 1557406660.7128623]
[0.0, 0.0, 0.0, 0.0, 0.0, 1557406660.728482]
[0.0, 0.0, 0.0, 0.0, 0.0, 1557406660.744139]
[0.0, 0.0, 0.0, 0.0, 0.0, 1557406660.7597253]
[0.0, 0.0, 0.0, 0.0, 0.0, 1557406660.775381]
[0.0, 0.0, 0.0, 0.0, 0.0, 1557406660.7909665]
[0.0, 0.0, 0.0, 0.0, 0.0, 1557406660.8065894]
[0.0, 0.0, 0.0, 0.0, 0.0, 1557406660.8222106]
[0.0, 0.0, 0.0, 0.0, 0.0, 1557406660.8378892]
[0.0, 0.0, 0.0, 0.0, 0.0, 1557406660.8534532]
[0.0, 0.0, 0.0, 0.0, 0.0, 1557406660.869113]
[0.0, 0.0, 0.0, 0.0, 0.0, 1557406660.884731]
[0.0, 0.0, 0.0, 0.0, 0.0, 1557406660.9003174]
[0.0, 0.0, 0.0, 0.0, 0.0, 1557406660.9159372]
[0.0, 0.0, 0.0, 0.0, 0.0, 1557406660.9315586]
[0.0, 0.0, 0.0, 0.0, 0.0, 1557406660.9471798]
[0.0, 0.0, 0.0, 0.0, 0.0, 1557406660.9628012]
[0.0, 0.0, 0.0, 0.0, 0.0, 1557406660.9784598]
[0.0, 0.0, 0.0, 0.0, 0.0, 1557406660.9940822]
[0.0, 0.0, 0.0, 0.0, 0.0, 1557406661.0097005]
[0.0, 0.0, 0.0, 0.0, 0.0, 1557406661.025288]
[0.0, 0.0, 0.0, 0.0, 0.0, 1557406661.0409079]
[0.0, 0.0, 0.0, 0.0, 0.0, 1557406661.0565648]
[0.0, 0.0, 0.0, 0.0, 0.0, 1557406661.0721886]
[0.0, 0.0, 0.0, 0.0, 0.0, 1557406661.087773]
[0.0, 0.0, 0.0, 0.0, 0.0, 1557406661.1033936]
[0.0, 0.0, 0.0, 0.0, 0.0, 1557406661.1190162]
[0.0, 0.0, 0.0, 0.0, 0.0, 1557406661.1346357]
[0.0, 0.0, 0.0, 0.0, 0.0, 1557406661.1502962]
[0.0, 0.0, 0.0, 0.0, 0.0, 1557406661.16588]
[0.0, 0.0, 0.0, 0.0, 0.0, 1557406661.181536]
[0.0, 0.0, 0.0, 0.0, 0.0, 1557406661.1971216]
[0.0, 0.0, 0.0, 0.0, 0.0, 1557406661.2127426]
[0.0, 0.0, 0.0, 0.0, 0.0, 1557406661.2283638]
[0.0, 0.0, 0.0, 0.0, 0.0, 1557406661.2439854]
[0.0, 0.0, 0.0, 0.0, 0.0, 1557406661.2596078]
[0.0, 0.0, 0.0, 0.0, 0.0, 1557406661.2752635]
[0.0, 0.0, 0.0, 0.0, 0.0, 1557406661.2908492]
[0.0, 0.0, 0.0, 0.0, 0.0, 1557406661.3064723]
[0.0, 0.0, 0.0, 0.0, 0.0, 1557406661.3220932]
[0.0, 0.0, 0.0, 0.0, 0.0, 1557406661.3377488]
[0.0, 0.0, 0.0, 0.0, 0.0, 1557406661.3533344]
[0.0, 0.0, 0.0, 0.0, 0.0, 1557406661.368956]
[0.0, 0.0, 0.0, 0.0, 0.0, 1557406661.3845775]
[0.0, 0.0, 0.0, 0.0, 0.0, 1557406661.4002576]
[0.0, 0.0, 0.0, 0.0, 0.0, 1557406661.4158762]
[0.0, 0.0, 0.0, 0.0, 0.0, 1557406661.4315012]
[0.0, 0.0, 0.0, 0.0, 0.0, 1557406661.447064]
[0.0, 0.0, 0.0, 0.0, 0.0, 1557406661.462684]
[0.0, 0.0, 0.0, 0.0, 0.0, 1557406661.478305]
[0.0, 0.0, 0.0, 0.0, 0.0, 1557406661.4939268]
[0.0, 0.0, 0.0, 0.0, 0.0, 1557406661.5095496]
[0.0, 0.0, 0.0, 0.0, 0.0, 1557406661.5251694]
[0.0, 0.0, 0.0, 0.0, 0.0, 1557406661.5407908]
[0.0, 0.0, 0.0, 0.0, 0.0, 1557406661.5564709]
[0.0, 0.0, 0.0, 0.0, 0.0, 1557406661.5720897]
[0.0, 0.0, 0.0, 0.0, 0.0, 1557406661.587656]
[0.0, 0.0, 0.0, 0.0, 0.0, 1557406661.6032772]
[0.0, 0.0, 0.0, 0.0, 0.0, 1557406661.6188989]
[0.0, 0.0, 0.0, 0.0, 0.0, 1557406661.6345189]
[0.0, 0.0, 0.0, 0.0, 0.0, 1557406661.65014]
[0.0, 0.0, 0.0, 0.0, 0.0, 1557406661.6657615]
[0.0, 0.0, 0.0, 0.0, 0.0, 1557406661.681383]
[0.0, 0.0, 0.0, 0.0, 0.0, 1557406661.697041]
[0.0, 0.0, 0.0, 0.0, 0.0, 1557406661.712627]
[0.0, 0.0, 0.0, 0.0, 0.0, 1557406661.7282484]
[0.0, 0.0, 0.0, 0.0, 0.0, 1557406661.7439237]
[0.0, 0.0, 0.0, 0.0, 0.0, 1557406661.7594926]
[0.0, 0.0, 0.0, 0.0, 0.0, 1557406661.7751112]
[0.0, 0.0, 0.0, 0.0, 0.0, 1557406661.7907352]
[0.0, 0.0, 0.0, 0.0, 0.0, 1557406661.806354]
[0.0, 0.0, 0.0, 0.0, 0.0, 1557406661.822011]
[0.0, 0.0, 0.0, 0.0, 0.0, 1557406661.8376524]
[0.0, 0.0, 0.0, 0.0, 0.0, 1557406661.8532171]
[0.0, 0.0, 0.0, 0.0, 0.0, 1557406661.868877]
[0.0, 0.0, 0.0, 0.0, 0.0, 1557406661.8844957]
[0.0, 0.0, 0.0, 0.0, 0.0, 1557406661.9000828]
[0.0, 0.0, 0.0, 0.0, 0.0, 1557406661.9157043]
[0.0, 0.0, 0.0, 0.0, 0.0, 1557406661.93136]
[0.0, 0.0, 0.0, 0.0, 0.0, 1557406661.946981]
[0.0, 0.0, 0.0, 0.0, 0.0, 1557406661.9626026]
[0.0, 0.0, 0.0, 0.0, 0.0, 1557406661.9782238]
[0.0, 0.0, 0.0, 0.0, 0.0, 1557406661.993847]
[0.0, 0.0, 0.0, 0.0, 0.0, 1557406662.0094323]
[0.0, 0.0, 0.0, 0.0, 0.0, 1557406662.025054]
[0.0, 0.0, 0.0, 0.0, 0.0, 1557406662.040709]
[0.0, 0.0, 0.0, 0.0, 0.0, 1557406662.0562947]
[0.0, 0.0, 0.0, 0.0, 0.0, 1557406662.0719516]
[0.0, 0.0, 0.0, 0.0, 0.0, 1557406662.0875726]
[0.0, 0.0, 0.0, 0.0, 0.0, 1557406662.10316]
[0.0, 0.0, 0.0, 0.0, 0.0, 1557406662.1187813]
[0.0, 0.0, 0.0, 0.0, 0.0, 1557406662.134403]
[0.0, 0.0, 0.0, 0.0, 0.0, 1557406662.1500616]
[0.0, 0.0, 0.0, 0.0, 0.0, 1557406662.1656995]
[0.0, 0.0, 0.0, 0.0, 0.0, 1557406662.1812654]
[0.0, 0.0, 0.0, 0.0, 0.0, 1557406662.1969244]
[0.0, 0.0, 0.0, 0.0, 0.0, 1557406662.2125094]
[0.0, 0.0, 0.0, 0.0, 0.0, 1557406662.2281294]
[0.0, 0.0, 0.0, 0.0, 0.0, 1557406662.243791]
[0.0, 0.0, 0.0, 0.0, 0.0, 1557406662.2593732]
[0.0, 0.0, 0.0, 0.0, 0.0, 1557406662.2750287]
[0.0, 0.0, 0.0, 0.0, 0.0, 1557406662.2906501]
[0.0, 0.0, 0.0, 0.0, 0.0, 1557406662.3062382]
[0.0, 0.0, 0.0, 0.0, 0.0, 1557406662.321859]
[0.0, 0.0, 0.0, 0.0, 0.0, 1557406662.337479]
[0.0, 0.0, 0.0, 0.0, 0.0, 1557406662.3531]
[0.0, 0.0, 0.0, 0.0, 0.0, 1557406662.3687594]
[0.0, 0.0, 0.0, 0.0, 0.0, 1557406662.3843782]
[0.0, 0.0, 0.0, 0.0, 0.0, 1557406662.400003]
[0.0, 0.0, 0.0, 0.0, 0.0, 1557406662.4156435]
[0.0, 0.0, 0.0, 0.0, 0.0, 1557406662.4312654]
[0.0, 0.0, 0.0, 0.0, 0.0, 1557406662.4468286]
[0.0, 0.0, 0.0, 0.0, 0.0, 1557406662.4624493]
[0.0, 0.0, 0.0, 0.0, 0.0, 1557406662.4780722]
[0.0, 0.0, 0.0, 0.0, 0.0, 1557406662.493731]
[0.0, 0.0, 0.0, 0.0, 0.0, 1557406662.5093148]
[0.0, 0.0, 0.0, 0.0, 0.0, 1557406662.524935]
[0.0, 0.0, 0.0, 0.0, 0.0, 1557406662.5405576]
[0.0, 0.0, 0.0, 0.0, 0.0, 1557406662.5561776]
[0.0, 0.0, 0.0, 0.0, 0.0, 1557406662.5718355]
[0.0, 0.0, 0.0, 0.0, 0.0, 1557406662.5874228]
[0.0, 0.0, 0.0, 0.0, 0.0, 1557406662.6030438]
[0.0, 0.0, 0.0, 0.0, 0.0, 1557406662.6186657]
[0.0, 0.0, 0.0, 0.0, 0.0, 1557406662.6343436]
[0.0, 0.0, 0.0, 0.0, 0.0, 1557406662.6499083]
[0.0, 0.0, 0.0, 0.0, 0.0, 1557406662.6655307]
[0.0, 0.0, 0.0, 0.0, 0.0, 1557406662.681151]
[0.0, 0.0, 0.0, 0.0, 0.0, 1557406662.6968055]
[0.0, 0.0, 0.0, 0.0, 0.0, 1557406662.712392]
[0.0, 0.0, 0.0, 0.0, 0.0, 1557406662.7280135]
[0.0, 0.0, 0.0, 0.0, 0.0, 1557406662.743669]
[0.0, 0.0, 0.0, 0.0, 0.0, 1557406662.7592902]
[0.0, 0.0, 0.0, 0.0, 0.0, 1557406662.7749116]
[0.0, 0.0, 0.0, 0.0, 0.0, 1557406662.790499]
[0.0, 0.0, 0.0, 0.0, 0.0, 1557406662.8061204]
[0.0, 0.0, 0.0, 0.0, 0.0, 1557406662.8217416]
[0.0, 0.0, 0.0, 0.0, 0.0, 1557406662.837363]
[0.0, 0.0, 0.0, 0.0, 0.0, 1557406662.8529844]
[0.0, 0.0, 0.0, 0.0, 0.0, 1557406662.8686075]
[0.0, 0.0, 0.0, 0.0, 0.0, 1557406662.8842275]
[0.0, 0.0, 0.0, 0.0, 0.0, 1557406662.8998487]
[0.0, 0.0, 0.0, 0.0, 0.0, 1557406662.9154696]
[0.0, 0.0, 0.0, 0.0, 0.0, 1557406662.9310906]
[0.0, 0.0, 0.0, 0.0, 0.0, 1557406662.9467123]
[0.0, 0.0, 0.0, 0.0, 0.0, 1557406662.962334]
[0.0, 0.0, 0.0, 0.0, 0.0, 1557406662.9779544]
[0.0, 0.0, 0.0, 0.0, 0.0, 1557406662.993575]
[0.0, 0.0, 0.0, 0.0, 0.0, 1557406663.0091977]
[0.0, 0.0, 0.0, 0.0, 0.0, 1557406663.0248187]
[0.0, 0.0, 0.0, 0.0, 0.0, 1557406663.0404403]
[0.0, 0.0, 0.0, 0.0, 0.0, 1557406663.0560617]
[0.0, 0.0, 0.0, 0.0, 0.0, 1557406663.0716827]
[0.0, 0.0, 0.0, 0.0, 0.0, 1557406663.0873039]
[0.0, 0.0, 0.0, 0.0, 0.0, 1557406663.1029246]
[0.0, 0.0, 0.0, 0.0, 0.0, 1557406663.1185458]
[0.0, 0.0, 0.0, 0.0, 0.0, 1557406663.1341672]
[0.0, 0.0, 0.0, 0.0, 0.0, 1557406663.1497898]
[0.0, 0.0, 0.0, 0.0, 0.0, 1557406663.165411]
[0.0, 0.0, 0.0, 0.0, 0.0, 1557406663.1810324]
[0.0, 0.0, 0.0, 0.0, 0.0, 1557406663.1966522]
[0.0, 0.0, 0.0, 0.0, 0.0, 1557406663.2122736]
[0.0, 0.0, 0.0, 0.0, 0.0, 1557406663.2278967]
[0.0, 0.0, 0.0, 0.0, 0.0, 1557406663.2435164]
[0.0, 0.0, 0.0, 0.0, 0.0, 1557406663.2591379]
[0.0, 0.0, 0.0, 0.0, 0.0, 1557406663.2747943]
[0.0, 0.0, 0.0, 0.0, 0.0, 1557406663.2903802]
[0.0, 0.0, 0.0, 0.0, 0.0, 1557406663.3060024]
[0.0, 0.0, 0.0, 0.0, 0.0, 1557406663.3216236]
[0.0, 0.0, 0.0, 0.0, 0.0, 1557406663.337245]
[0.0, 0.0, 0.0, 0.0, 0.0, 1557406663.3528662]
[0.0, 0.0, 0.0, 0.0, 0.0, 1557406663.3685248]
[0.0, 0.0, 0.0, 0.0, 0.0, 1557406663.3841436]
[0.0, 0.0, 0.0, 0.0, 0.0, 1557406663.3997307]
[0.0, 0.0, 0.0, 0.0, 0.0, 1557406663.415351]
[0.0, 0.0, 0.0, 0.0, 0.0, 1557406663.4309723]
[0.0, 0.0, 0.0, 0.0, 0.0, 1557406663.4465935]
[0.0, 0.0, 0.0, 0.0, 0.0, 1557406663.462215]
[0.0, 0.0, 0.0, 0.0, 0.0, 1557406663.4778361]
[0.0, 0.0, 0.0, 0.0, 0.0, 1557406663.4934578]
[0.0, 0.0, 0.0, 0.0, 0.0, 1557406663.5090792]
[0.0, 0.0, 0.0, 0.0, 0.0, 1557406663.5247009]
[0.0, 0.0, 0.0, 0.0, 0.0, 1557406663.540322]
[0.0, 0.0, 0.0, 0.0, 0.0, 1557406663.5559435]
[0.0, 0.0, 0.0, 0.0, 0.0, 1557406663.5715642]
[0.0, 0.0, 0.0, 0.0, 0.0, 1557406663.5872254]
[0.0, 0.0, 0.0, 0.0, 0.0, 1557406663.6028073]
[0.0, 0.0, 0.0, 0.0, 0.0, 1557406663.618485]
[0.0, 0.0, 0.0, 0.0, 0.0, 1557406663.6341054]
[0.0, 0.0, 0.0, 0.0, 0.0, 1557406663.6496725]
[0.0, 0.0, 0.0, 0.0, 0.0, 1557406663.6652944]
[0.0, 0.0, 0.0, 0.0, 0.0, 1557406663.6809158]
[0.0, 0.0, 0.0, 0.0, 0.0, 1557406663.696571]
[0.0, 0.0, 0.0, 0.0, 0.0, 1557406663.7121577]
[0.0, 0.0, 0.0, 0.0, 0.0, 1557406663.727778]
[0.0, 0.0, 0.0, 0.0, 0.0, 1557406663.7434003]
[0.0, 0.0, 0.0, 0.0, 0.0, 1557406663.7590206]
[0.0, 0.0, 0.0, 0.0, 0.0, 1557406663.7746973]
[0.0, 0.0, 0.0, 0.0, 0.0, 1557406663.7903223]
[0.0, 0.0, 0.0, 0.0, 0.0, 1557406663.8059433]
[0.0, 0.0, 0.0, 0.0, 0.0, 1557406663.8215072]
[0.0, 0.0, 0.0, 0.0, 0.0, 1557406663.8371835]
[0.0, 0.0, 0.0, 0.0, 0.0, 1557406663.8527486]
[0.0, 0.0, 0.0, 0.0, 0.0, 1557406663.8683698]
[0.0, 0.0, 0.0, 0.0, 0.0, 1557406663.8840268]
[0.0, 0.0, 0.0, 0.0, 0.0, 1557406663.8996139]
[0.0, 0.0, 0.0, 0.0, 0.0, 1557406663.9152353]
[0.0, 0.0, 0.0, 0.0, 0.0, 1557406663.9308567]
[0.0, 0.0, 0.0, 0.0, 0.0, 1557406663.9464786]
[0.0, 0.0, 0.0, 0.0, 0.0, 1557406663.9621005]
[0.0, 0.0, 0.0, 0.0, 0.0, 1557406663.97772]
[0.0, 0.0, 0.0, 0.0, 0.0, 1557406663.9933786]
[0.0, 0.0, 0.0, 0.0, 0.0, 1557406664.0089633]
[0.0, 0.0, 0.0, 0.0, 0.0, 1557406664.0245845]
[0.0, 0.0, 0.0, 0.0, 0.0, 1557406664.040206]
[0.0, 0.0, 0.0, 0.0, 0.0, 1557406664.0558271]
[0.0, 0.0, 0.0, 0.0, 0.0, 1557406664.0714471]
[0.0, 0.0, 0.0, 0.0, 0.0, 1557406664.0870688]
[0.0, 0.0, 0.0, 0.0, 0.0, 1557406664.1026895]
[0.0, 0.0, 0.0, 0.0, 0.0, 1557406664.1183124]
[0.0, 0.0, 0.0, 0.0, 0.0, 1557406664.1339326]
[0.0, 0.0, 0.0, 0.0, 0.0, 1557406664.1495552]
[0.0, 0.0, 0.0, 0.0, 0.0, 1557406664.1651752]
[0.0, 0.0, 0.0, 0.0, 0.0, 1557406664.1808317]
[0.0, 0.0, 0.0, 0.0, 0.0, 1557406664.1964192]
[0.0, 0.0, 0.0, 0.0, 0.0, 1557406664.2120404]
[0.0, 0.0, 0.0, 0.0, 0.0, 1557406664.2276607]
[0.0, 0.0, 0.0, 0.0, 0.0, 1557406664.243319]
[0.0, 0.0, 0.0, 0.0, 0.0, 1557406664.2589033]
[0.0, 0.0, 0.0, 0.0, 0.0, 1557406664.2745602]
[0.0, 0.0, 0.0, 0.0, 0.0, 1557406664.2901814]
[0.0, 0.0, 0.0, 0.0, 0.0, 1557406664.3058023]
[0.0, 0.0, 0.0, 0.0, 0.0, 1557406664.32139]
[0.0, 0.0, 0.0, 0.0, 0.0, 1557406664.337011]
[0.0, 0.0, 0.0, 0.0, 0.0, 1557406664.352631]
[0.0, 0.0, 0.0, 0.0, 0.0, 1557406664.36829]
[0.0, 0.0, 0.0, 0.0, 0.0, 1557406664.383911]
[0.0, 0.0, 0.0, 0.0, 0.0, 1557406664.3994951]
[0.0, 0.0, 0.0, 0.0, 0.0, 1557406664.4151165]
[0.0, 0.0, 0.0, 0.0, 0.0, 1557406664.4307382]
[0.0, 0.0, 0.0, 0.0, 0.0, 1557406664.4463594]
[0.0, 0.0, 0.0, 0.0, 0.0, 1557406664.4619803]
[0.0, 0.0, 0.0, 0.0, 0.0, 1557406664.477602]
[0.0, 0.0, 0.0, 0.0, 0.0, 1557406664.493261]
[0.0, 0.0, 0.0, 0.0, 0.0, 1557406664.508846]
[0.0, 0.0, 0.0, 0.0, 0.0, 1557406664.5244672]
[0.0, 0.0, 0.0, 0.0, 0.0, 1557406664.54009]
[0.0, 0.0, 0.0, 0.0, 0.0, 1557406664.5557103]
[0.0, 0.0, 0.0, 0.0, 0.0, 1557406664.5713882]
[0.0, 0.0, 0.0, 0.0, 0.0, 1557406664.5869877]
[0.0, 0.0, 0.0, 0.0, 0.0, 1557406664.6026106]
[0.0, 0.0, 0.0, 0.0, 0.0, 1557406664.6182318]
[0.0, 0.0, 0.0, 0.0, 0.0, 1557406664.6338513]
[0.0, 0.0, 0.0, 0.0, 0.0, 1557406664.6494956]
[0.0, 0.0, 0.0, 0.0, 0.0, 1557406664.665058]
[0.0, 0.0, 0.0, 0.0, 0.0, 1557406664.680679]
[0.0, 0.0, 0.0, 0.0, 0.0, 1557406664.696301]
[0.0, 0.0, 0.0, 0.0, 0.0, 1557406664.7119575]
[0.0, 0.0, 0.0, 0.0, 0.0, 1557406664.7275445]
[0.0, 0.0, 0.0, 0.0, 0.0, 1557406664.7431648]
[0.0, 0.0, 0.0, 0.0, 0.0, 1557406664.758786]
[0.0, 0.0, 0.0, 0.0, 0.0, 1557406664.7744088]
[0.0, 0.0, 0.0, 0.0, 0.0, 1557406664.79003]
[0.0, 0.0, 0.0, 0.0, 0.0, 1557406664.80565]
[0.0, 0.0, 0.0, 0.0, 0.0, 1557406664.8212726]
[0.0, 0.0, 0.0, 0.0, 0.0, 1557406664.836893]
[0.0, 0.0, 0.0, 0.0, 0.0, 1557406664.852514]
[0.0, 0.0, 0.0, 0.0, 0.0, 1557406664.868173]
[0.0, 0.0, 0.0, 0.0, 0.0, 1557406664.8837924]
[0.0, 0.0, 0.0, 0.0, 0.0, 1557406664.899378]
[0.0, 0.0, 0.0, 0.0, 0.0, 1557406664.9150007]
[0.0, 0.0, 0.0, 0.0, 0.0, 1557406664.930622]
[0.0, 0.0, 0.0, 0.0, 0.0, 1557406664.9462433]
[0.0, 0.0, 0.0, 0.0, 0.0, 1557406664.9618647]
[0.0, 0.0, 0.0, 0.0, 0.0, 1557406664.97752]
[0.0, 0.0, 0.0, 0.0, 0.0, 1557406664.9931452]
[0.0, 0.0, 0.0, 0.0, 0.0, 1557406665.0087285]
[0.0, 0.0, 0.0, 0.0, 0.0, 1557406665.02439]
[0.0, 0.0, 0.0, 0.0, 0.0, 1557406665.039972]
[0.0, 0.0, 0.0, 0.0, 0.0, 1557406665.0555928]
[0.0, 0.0, 0.0, 0.0, 0.0, 1557406665.0712142]
[0.0, 0.0, 0.0, 0.0, 0.0, 1557406665.0868704]
[0.0, 0.0, 0.0, 0.0, 0.0, 1557406665.1024566]
[0.0, 0.0, 0.0, 0.0, 0.0, 1557406665.118115]
[0.0, 0.0, 0.0, 0.0, 0.0, 1557406665.133734]
[0.0, 0.0, 0.0, 0.0, 0.0, 1557406665.1493583]
[0.0, 0.0, 0.0, 0.0, 0.0, 1557406665.1649992]
[0.0, 0.0, 0.0, 0.0, 0.0, 1557406665.1805634]
[0.0, 0.0, 0.0, 0.0, 0.0, 1557406665.196186]
[0.0, 0.0, 0.0, 0.0, 0.0, 1557406665.211806]
[0.0, 0.0, 0.0, 0.0, 0.0, 1557406665.2274287]
[0.0, 0.0, 0.0, 0.0, 0.0, 1557406665.2430477]
[0.0, 0.0, 0.0, 0.0, 0.0, 1557406665.2587051]
[0.0, 0.0, 0.0, 0.0, 0.0, 1557406665.2742903]
[0.0, 0.0, 0.0, 0.0, 0.0, 1557406665.2899115]
[0.0, 0.0, 0.0, 0.0, 0.0, 1557406665.3055687]
[0.0, 0.0, 0.0, 0.0, 0.0, 1557406665.3211553]
[0.0, 0.0, 0.0, 0.0, 0.0, 1557406665.3368108]
[0.0, 0.0, 0.0, 0.0, 0.0, 1557406665.352397]
[0.0, 0.0, 0.0, 0.0, 0.0, 1557406665.3680182]
[0.0, 0.0, 0.0, 0.0, 0.0, 1557406665.3836396]
[0.0, 0.0, 0.0, 0.0, 0.0, 1557406665.3992994]
[0.0, 0.0, 0.0, 0.0, 0.0, 1557406665.4149177]
[0.0, 0.0, 0.0, 0.0, 0.0, 1557406665.4305034]
[0.0, 0.0, 0.0, 0.0, 0.0, 1557406665.446126]
[0.0, 0.0, 0.0, 0.0, 0.0, 1557406665.4618027]
[0.0, 0.0, 0.0, 0.0, 0.0, 1557406665.477423]
[0.0, 0.0, 0.0, 0.0, 0.0, 1557406665.4929888]
[0.0, 0.0, 0.0, 0.0, 0.0, 1557406665.5086102]
[0.0, 0.0, 0.0, 0.0, 0.0, 1557406665.5242314]
[0.0, 0.0, 0.0, 0.0, 0.0, 1557406665.5398526]
[0.0, 0.0, 0.0, 0.0, 0.0, 1557406665.5554764]
[0.0, 0.0, 0.0, 0.0, 0.0, 1557406665.5711346]
[0.0, 0.0, 0.0, 0.0, 0.0, 1557406665.586719]
[0.0, 0.0, 0.0, 0.0, 0.0, 1557406665.602378]
[0.0, 0.0, 0.0, 0.0, 0.0, 1557406665.6179976]
[0.0, 0.0, 0.0, 0.0, 0.0, 1557406665.6336167]
[0.0, 0.0, 0.0, 0.0, 0.0, 1557406665.6492033]
[0.0, 0.0, 0.0, 0.0, 0.0, 1557406665.664824]
[0.0, 0.0, 0.0, 0.0, 0.0, 1557406665.6804452]
[0.0, 0.0, 0.0, 0.0, 0.0, 1557406665.696068]
[0.0, 0.0, 0.0, 0.0, 0.0, 1557406665.711689]
[0.0, 0.0, 0.0, 0.0, 0.0, 1557406665.7273467]
[0.0, 0.0, 0.0, 0.0, 0.0, 1557406665.7429302]
[0.0, 0.0, 0.0, 0.0, 0.0, 1557406665.7585516]
[0.0, 0.0, 0.0, 0.0, 0.0, 1557406665.7742286]
[0.0, 0.0, 0.0, 0.0, 0.0, 1557406665.7897942]
[0.0, 0.0, 0.0, 0.0, 0.0, 1557406665.8054154]
[0.0, 0.0, 0.0, 0.0, 0.0, 1557406665.8210723]
[0.0, 0.0, 0.0, 0.0, 0.0, 1557406665.8367145]
[0.0, 0.0, 0.0, 0.0, 0.0, 1557406665.8522806]
[0.0, 0.0, 0.0, 0.0, 0.0, 1557406665.8679023]
[0.0, 0.0, 0.0, 0.0, 0.0, 1557406665.8835576]
[0.0, 0.0, 0.0, 0.0, 0.0, 1557406665.8991828]
[0.0, 0.0, 0.0, 0.0, 0.0, 1557406665.9147663]
[0.0, 0.0, 0.0, 0.0, 0.0, 1557406665.9303875]
[0.0, 0.0, 0.0, 0.0, 0.0, 1557406665.9460087]
[0.0, 0.0, 0.0, 0.0, 0.0, 1557406665.9616287]
[0.0, 0.0, 0.0, 0.0, 0.0, 1557406665.9772503]
[0.0, 0.0, 0.0, 0.0, 0.0, 1557406665.9928727]
[0.0, 0.0, 0.0, 0.0, 0.0, 1557406666.008494]
[0.0, 0.0, 0.0, 0.0, 0.0, 1557406666.0241141]
[0.0, 0.0, 0.0, 0.0, 0.0, 1557406666.039737]
[0.0, 0.0, 0.0, 0.0, 0.0, 1557406666.0553567]
[0.0, 0.0, 0.0, 0.0, 0.0, 1557406666.0709796]
[0.0, 0.0, 0.0, 0.0, 0.0, 1557406666.0866003]
[0.0, 0.0, 0.0, 0.0, 0.0, 1557406666.102224]
[0.0, 0.0, 0.0, 0.0, 0.0, 1557406666.117843]
[0.0, 0.0, 0.0, 0.0, 0.0, 1557406666.1334648]
[0.0, 0.0, 0.0, 0.0, 0.0, 1557406666.1490884]
[0.0, 0.0, 0.0, 0.0, 0.0, 1557406666.1647432]
[0.0, 0.0, 0.0, 0.0, 0.0, 1557406666.1803665]
[0.0, 0.0, 0.0, 0.0, 0.0, 1557406666.1960044]
[0.0, 0.0, 0.0, 0.0, 0.0, 1557406666.21157]
[0.0, 0.0, 0.0, 0.0, 0.0, 1557406666.2272294]
[0.0, 0.0, 0.0, 0.0, 0.0, 1557406666.242814]
[0.0, 0.0, 0.0, 0.0, 0.0, 1557406666.2584343]
[0.0, 0.0, 0.0, 0.0, 0.0, 1557406666.2740555]
[0.0, 0.0, 0.0, 0.0, 0.0, 1557406666.2896783]
[0.0, 0.0, 0.0, 0.0, 0.0, 1557406666.305298]
[0.0, 0.0, 0.0, 0.0, 0.0, 1557406666.320955]
[0.0, 0.0, 0.0, 0.0, 0.0, 1557406666.3365421]
[0.0, 0.0, 0.0, 0.0, 0.0, 1557406666.3521636]
[0.0, 0.0, 0.0, 0.0, 0.0, 1557406666.3677845]
[0.0, 0.0, 0.0, 0.0, 0.0, 1557406666.3834403]
[0.0, 0.0, 0.0, 0.0, 0.0, 1557406666.399065]
[0.0, 0.0, 0.0, 0.0, 0.0, 1557406666.4146843]
[0.0, 0.0, 0.0, 0.0, 0.0, 1557406666.4303062]
[0.0, 0.0, 0.0, 0.0, 0.0, 1557406666.4459262]
[0.0, 0.0, 0.0, 0.0, 0.0, 1557406666.4615474]
[0.0, 0.0, 0.0, 0.0, 0.0, 1557406666.4771895]
[0.0, 0.0, 0.0, 0.0, 0.0, 1557406666.4928114]
[0.0, 0.0, 0.0, 0.0, 0.0, 1557406666.508377]
[0.0, 0.0, 0.0, 0.0, 0.0, 1557406666.523997]
[0.0, 0.0, 0.0, 0.0, 0.0, 1557406666.5396197]
[0.0, 0.0, 0.0, 0.0, 0.0, 1557406666.5552402]
[0.0, 0.0, 0.0, 0.0, 0.0, 1557406666.5708609]
[0.0, 0.0, 0.0, 0.0, 0.0, 1557406666.586484]
[0.0, 0.0, 0.0, 0.0, 0.0, 1557406666.6021035]
[0.0, 0.0, 0.0, 0.0, 0.0, 1557406666.6177251]
[0.0, 0.0, 0.0, 0.0, 0.0, 1557406666.6333477]
[0.0, 0.0, 0.0, 0.0, 0.0, 1557406666.6489675]
[0.0, 0.0, 0.0, 0.0, 0.0, 1557406666.664589]
[0.0, 0.0, 0.0, 0.0, 0.0, 1557406666.6802106]
[0.0, 0.0, 0.0, 0.0, 0.0, 1557406666.6958323]
[0.0, 0.0, 0.0, 0.0, 0.0, 1557406666.7114534]
[0.0, 0.0, 0.0, 0.0, 0.0, 1557406666.7270744]
[0.0, 0.0, 0.0, 0.0, 0.0, 1557406666.7426958]
[0.0, 0.0, 0.0, 0.0, 0.0, 1557406666.7583184]
[0.0, 0.0, 0.0, 0.0, 0.0, 1557406666.7739737]
[0.0, 0.0, 0.0, 0.0, 0.0, 1557406666.789595]
[0.0, 0.0, 0.0, 0.0, 0.0, 1557406666.80524]
[0.0, 0.0, 0.0, 0.0, 0.0, 1557406666.8208582]
[0.0, 0.0, 0.0, 0.0, 0.0, 1557406666.8364797]
[0.0, 0.0, 0.0, 0.0, 0.0, 1557406666.8520463]
[0.0, 0.0, 0.0, 0.0, 0.0, 1557406666.867668]
[0.0, 0.0, 0.0, 0.0, 0.0, 1557406666.8832877]
[0.0, 0.0, 0.0, 0.0, 0.0, 1557406666.898909]
[0.0, 0.0, 0.0, 0.0, 0.0, 1557406666.9145317]
[0.0, 0.0, 0.0, 0.0, 0.0, 1557406666.930153]
[0.0, 0.0, 0.0, 0.0, 0.0, 1557406666.945773]
[0.0, 0.0, 0.0, 0.0, 0.0, 1557406666.9613943]
[0.0, 0.0, 0.0, 0.0, 0.0, 1557406666.977051]
[0.0, 0.0, 0.0, 0.0, 0.0, 1557406666.9926748]
[0.0, 0.0, 0.0, 0.0, 0.0, 1557406667.0082595]
[0.0, 0.0, 0.0, 0.0, 0.0, 1557406667.0239189]
[0.0, 0.0, 0.0, 0.0, 0.0, 1557406667.039501]
[0.0, 0.0, 0.0, 0.0, 0.0, 1557406667.0551238]
[0.0, 0.0, 0.0, 0.0, 0.0, 1557406667.070745]
[0.0, 0.0, 0.0, 0.0, 0.0, 1557406667.0864027]
[0.0, 0.0, 0.0, 0.0, 0.0, 1557406667.1020243]
[0.0, 0.0, 0.0, 0.0, 0.0, 1557406667.1176088]
[0.0, 0.0, 0.0, 0.0, 0.0, 1557406667.1332304]
[0.0, 0.0, 0.0, 0.0, 0.0, 1557406667.1488905]
[0.0, 0.0, 0.0, 0.0, 0.0, 1557406667.164473]
[0.0, 0.0, 0.0, 0.0, 0.0, 1557406667.1800969]
[0.0, 0.0, 0.0, 0.0, 0.0, 1557406667.1957152]
[0.0, 0.0, 0.0, 0.0, 0.0, 1557406667.211339]
[0.0, 0.0, 0.0, 0.0, 0.0, 1557406667.226959]
[0.0, 0.0, 0.0, 0.0, 0.0, 1557406667.2426145]
[0.0, 0.0, 0.0, 0.0, 0.0, 1557406667.2582011]
[0.0, 0.0, 0.0, 0.0, 0.0, 1557406667.273821]
[0.0, 0.0, 0.0, 0.0, 0.0, 1557406667.2894423]
[0.0, 0.0, 0.0, 0.0, 0.0, 1557406667.305099]
[0.0, 0.0, 0.0, 0.0, 0.0, 1557406667.320685]
[0.0, 0.0, 0.0, 0.0, 0.0, 1557406667.3363063]
[0.0, 0.0, 0.0, 0.0, 0.0, 1557406667.3519275]
[0.0, 0.0, 0.0, 0.0, 0.0, 1557406667.3675504]
[0.0, 0.0, 0.0, 0.0, 0.0, 1557406667.3831706]
[0.0, 0.0, 0.0, 0.0, 0.0, 1557406667.3988307]
[0.0, 0.0, 0.0, 0.0, 0.0, 1557406667.4144487]
[0.0, 0.0, 0.0, 0.0, 0.0, 1557406667.4300933]
[0.0, 0.0, 0.0, 0.0, 0.0, 1557406667.445711]
[0.0, 0.0, 0.0, 0.0, 0.0, 1557406667.4613338]
[0.0, 0.0, 0.0, 0.0, 0.0, 1557406667.476954]
[0.0, 0.0, 0.0, 0.0, 0.0, 1557406667.4925756]
[0.0, 0.0, 0.0, 0.0, 0.0, 1557406667.5081413]
[0.0, 0.0, 0.0, 0.0, 0.0, 1557406667.523764]
[0.0, 0.0, 0.0, 0.0, 0.0, 1557406667.539419]
[0.0, 0.0, 0.0, 0.0, 0.0, 1557406667.555005]
[0.0, 0.0, 0.0, 0.0, 0.0, 1557406667.5706277]
[0.0, 0.0, 0.0, 0.0, 0.0, 1557406667.5862832]
[0.0, 0.0, 0.0, 0.0, 0.0, 1557406667.601907]
[0.0, 0.0, 0.0, 0.0, 0.0, 1557406667.6175282]
[0.0, 0.0, 0.0, 0.0, 0.0, 1557406667.6331482]
[0.0, 0.0, 0.0, 0.0, 0.0, 1557406667.648772]
[0.0, 0.0, 0.0, 0.0, 0.0, 1557406667.6643908]
[0.0, 0.0, 0.0, 0.0, 0.0, 1557406667.680012]
[0.0, 0.0, 0.0, 0.0, 0.0, 1557406667.695633]
[0.0, 0.0, 0.0, 0.0, 0.0, 1557406667.7112536]
[0.0, 0.0, 0.0, 0.0, 0.0, 1557406667.72684]
[0.0, 0.0, 0.0, 0.0, 0.0, 1557406667.7424612]
[0.0, 0.0, 0.0, 0.0, 0.0, 1557406667.7580855]
[0.0, 0.0, 0.0, 0.0, 0.0, 1557406667.7737062]
[0.0, 0.0, 0.0, 0.0, 0.0, 1557406667.7893276]
[0.0, 0.0, 0.0, 0.0, 0.0, 1557406667.8049486]
[0.0, 0.0, 0.0, 0.0, 0.0, 1557406667.8205705]
[0.0, 0.0, 0.0, 0.0, 0.0, 1557406667.8361907]
[0.0, 0.0, 0.0, 0.0, 0.0, 1557406667.8518484]
[0.0, 0.0, 0.0, 0.0, 0.0, 1557406667.8674324]
[0.0, 0.0, 0.0, 0.0, 0.0, 1557406667.8830893]
[0.0, 0.0, 0.0, 0.0, 0.0, 1557406667.8986745]
[0.0, 0.0, 0.0, 0.0, 0.0, 1557406667.914297]
[0.0, 0.0, 0.0, 0.0, 0.0, 1557406667.9299185]
[0.0, 0.0, 0.0, 0.0, 0.0, 1557406667.9455383]
[0.0, 0.0, 0.0, 0.0, 0.0, 1557406667.9611602]
[0.0, 0.0, 0.0, 0.0, 0.0, 1557406667.9768183]
[0.0, 0.0, 0.0, 0.0, 0.0, 1557406667.9924405]
[0.0, 0.0, 0.0, 0.0, 0.0, 1557406668.0080254]
[0.0, 0.0, 0.0, 0.0, 0.0, 1557406668.0236466]
[0.0, 0.0, 0.0, 0.0, 0.0, 1557406668.039268]
[0.0, 0.0, 0.0, 0.0, 0.0, 1557406668.054924]
[0.0, 0.0, 0.0, 0.0, 0.0, 1557406668.0705452]
[0.0, 0.0, 0.0, 0.0, 0.0, 1557406668.0861318]
[0.0, 0.0, 0.0, 0.0, 0.0, 1557406668.101753]
[0.0, 0.0, 0.0, 0.0, 0.0, 1557406668.1173732]
[0.0, 0.0, 0.0, 0.0, 0.0, 1557406668.13303]
[0.0, 0.0, 0.0, 0.0, 0.0, 1557406668.1486158]
[0.0, 0.0, 0.0, 0.0, 0.0, 1557406668.1642373]
[0.0, 0.0, 0.0, 0.0, 0.0, 1557406668.1798944]
[0.0, 0.0, 0.0, 0.0, 0.0, 1557406668.1955154]
[0.0, 0.0, 0.0, 0.0, 0.0, 1557406668.211101]
[0.0, 0.0, 0.0, 0.0, 0.0, 1557406668.226724]
[0.0, 0.0, 0.0, 0.0, 0.0, 1557406668.2423792]
[0.0, 0.0, 0.0, 0.0, 0.0, 1557406668.2579665]
[0.0, 0.0, 0.0, 0.0, 0.0, 1557406668.2735887]
[0.0, 0.0, 0.0, 0.0, 0.0, 1557406668.2892108]
[0.0, 0.0, 0.0, 0.0, 0.0, 1557406668.3093448]
[0.0, 0.0, 0.0, 0.0, 0.0, 1557406668.3249655]
[0.0, 0.0, 0.0, 0.0, 0.0, 1557406668.3406427]
[0.0, 0.0, 0.0, 0.0, 0.0, 1557406668.3562663]
[0.0, 0.0, 0.0, 0.0, 0.0, 1557406668.3718843]
[0.0, 0.0, 0.0, 0.0, 0.0, 1557406668.3874502]
[0.0, 0.0, 0.0, 0.0, 0.0, 1557406668.4030707]
[0.0, 0.0, 0.0, 0.0, 0.0, 1557406668.4187274]
[0.0, 0.0, 0.0, 0.0, 0.0, 1557406668.4343514]
[0.0, 0.0, 0.0, 0.0, 0.0, 1557406668.4499357]
[0.0, 0.0, 0.0, 0.0, 0.0, 1557406668.4655566]
[0.0, 0.0, 0.0, 0.0, 0.0, 1557406668.4811783]
[0.0, 0.0, 0.0, 0.0, 0.0, 1557406668.4967992]
[0.0, 0.0, 0.0, 0.0, 0.0, 1557406668.5124197]
[0.0, 0.0, 0.0, 0.0, 0.0, 1557406668.5280418]
[0.0, 0.0, 0.0, 0.0, 0.0, 1557406668.543698]
[0.0, 0.0, 0.0, 0.0, 0.0, 1557406668.5593185]
[0.0, 0.0, 0.0, 0.0, 0.0, 1557406668.5749407]
[0.0, 0.0, 0.0, 0.0, 0.0, 1557406668.5905263]
[0.0, 0.0, 0.0, 0.0, 0.0, 1557406668.6061833]
[0.0, 0.0, 0.0, 0.0, 0.0, 1557406668.621769]
[0.0, 0.0, 0.0, 0.0, 0.0, 1557406668.6373901]
[0.0, 0.0, 0.0, 0.0, 0.0, 1557406668.6530495]
[0.0, 0.0, 0.0, 0.0, 0.0, 1557406668.6686335]
[0.0, 0.0, 0.0, 0.0, 0.0, 1557406668.6842546]
[0.0, 0.0, 0.0, 0.0, 0.0, 1557406668.6999116]
[0.0, 0.0, 0.0, 0.0, 0.0, 1557406668.7154984]
[0.0, 0.0, 0.0, 0.0, 0.0, 1557406668.7311182]
[0.0, 0.0, 0.0, 0.0, 0.0, 1557406668.746741]
[0.0, 0.0, 0.0, 0.0, 0.0, 1557406668.7623613]
[0.0, 0.0, 0.0, 0.0, 0.0, 1557406668.77802]
[0.0, 0.0, 0.0, 0.0, 0.0, 1557406668.79364]
[0.0, 0.0, 0.0, 0.0, 0.0, 1557406668.8092628]
[0.0, 0.0, 0.0, 0.0, 0.0, 1557406668.8248477]
[0.0, 0.0, 0.0, 0.0, 0.0, 1557406668.840526]
[0.0, 0.0, 0.0, 0.0, 0.0, 1557406668.8561242]
[0.0, 0.0, 0.0, 0.0, 0.0, 1557406668.8717458]
[0.0, 0.0, 0.0, 0.0, 0.0, 1557406668.887333]
[0.0, 0.0, 0.0, 0.0, 0.0, 1557406668.902954]
[0.0, 0.0, 0.0, 0.0, 0.0, 1557406668.918574]
[0.0, 0.0, 0.0, 0.0, 0.0, 1557406668.9341967]
[0.0, 0.0, 0.0, 0.0, 0.0, 1557406668.9498172]
[0.0, 0.0, 0.0, 0.0, 0.0, 1557406668.9654384]
[0.0, 0.0, 0.0, 0.0, 0.0, 1557406668.9810596]
[0.0, 0.0, 0.0, 0.0, 0.0, 1557406668.9966824]
[0.0, 0.0, 0.0, 0.0, 0.0, 1557406669.0123036]
[0.0, 0.0, 0.0, 0.0, 0.0, 1557406669.0279589]
[0.0, 0.0, 0.0, 0.0, 0.0, 1557406669.0435803]
[0.0, 0.0, 0.0, 0.0, 0.0, 1557406669.0591679]
[0.0, 0.0, 0.0, 0.0, 0.0, 1557406669.074823]
[0.0, 0.0, 0.0, 0.0, 0.0, 1557406669.0904448]
[0.0, 0.0, 0.0, 0.0, 0.0, 1557406669.106066]
[0.0, 0.0, 0.0, 0.0, 0.0, 1557406669.121687]
[0.0, 0.0, 0.0, 0.0, 0.0, 1557406669.1373098]
[0.0, 0.0, 0.0, 0.0, 0.0, 1557406669.1528945]
[0.0, 0.0, 0.0, 0.0, 0.0, 1557406669.168516]
[0.0, 0.0, 0.0, 0.0, 0.0, 1557406669.1841753]
[0.0, 0.0, 0.0, 0.0, 0.0, 1557406669.1997583]
[0.0, 0.0, 0.0, 0.0, 0.0, 1557406669.2153811]
[0.0, 0.0, 0.0, 0.0, 0.0, 1557406669.231001]
[0.0, 0.0, 0.0, 0.0, 0.0, 1557406669.246624]
[0.0, 0.0, 0.0, 0.0, 0.0, 1557406669.2622435]
[0.0, 0.0, 0.0, 0.0, 0.0, 1557406669.277921]
[0.0, 0.0, 0.0, 0.0, 0.0, 1557406669.2934875]
[0.0, 0.0, 0.0, 0.0, 0.0, 1557406669.3091075]
[0.0, 0.0, 0.0, 0.0, 0.0, 1557406669.3247304]
[0.0, 0.0, 0.0, 0.0, 0.0, 1557406669.3403516]
[0.0, 0.0, 0.0, 0.0, 0.0, 1557406669.3560097]
[0.0, 0.0, 0.0, 0.0, 0.0, 1557406669.371596]
[0.0, 0.0, 0.0, 0.0, 0.0, 1557406669.387217]
[0.0, 0.0, 0.0, 0.0, 0.0, 1557406669.4028754]
[0.0, 0.0, 0.0, 0.0, 0.0, 1557406669.4184568]
[0.0, 0.0, 0.0, 0.0, 0.0, 1557406669.434117]
[0.0, 0.0, 0.0, 0.0, 0.0, 1557406669.4496999]
[0.0, 0.0, 0.0, 0.0, 0.0, 1557406669.4653566]
[0.0, 0.0, 0.0, 0.0, 0.0, 1557406669.480978]
[0.0, 0.0, 0.0, 0.0, 0.0, 1557406669.4965637]
[0.0, 0.0, 0.0, 0.0, 0.0, 1557406669.5122404]
[0.0, 0.0, 0.0, 0.0, 0.0, 1557406669.5278077]
[0.0, 0.0, 0.0, 0.0, 0.0, 1557406669.543428]
[0.0, 0.0, 0.0, 0.0, 0.0, 1557406669.5590491]
[0.0, 0.0, 0.0, 0.0, 0.0, 1557406669.5747283]
[0.0, 0.0, 0.0, 0.0, 0.0, 1557406669.5903497]
[0.0, 0.0, 0.0, 0.0, 0.0, 1557406669.6059687]
[0.0, 0.0, 0.0, 0.0, 0.0, 1557406669.621591]
[0.0, 0.0, 0.0, 0.0, 0.0, 1557406669.6371574]
[0.0, 0.0, 0.0, 0.0, 0.0, 1557406669.6527784]
[0.0, 0.0, 0.0, 0.0, 0.0, 1557406669.6683986]
[0.0, 0.0, 0.0, 0.0, 0.0, 1557406669.6840198]
[0.0, 0.0, 0.0, 0.0, 0.0, 1557406669.6996772]
[0.0, 0.0, 0.0, 0.0, 0.0, 1557406669.715263]
[0.0, 0.0, 0.0, 0.0, 0.0, 1557406669.7308838]
[0.0, 0.0, 0.0, 0.0, 0.0, 1557406669.7465065]
[0.0, 0.0, 0.0, 0.0, 0.0, 1557406669.7621279]
[0.0, 0.0, 0.0, 0.0, 0.0, 1557406669.777749]
[0.0, 0.0, 0.0, 0.0, 0.0, 1557406669.7933688]
[0.0, 0.0, 0.0, 0.0, 0.0, 1557406669.808991]
[0.0, 0.0, 0.0, 0.0, 0.0, 1557406669.824614]
[0.0, 0.0, 0.0, 0.0, 0.0, 1557406669.8402336]
[0.0, 0.0, 0.0, 0.0, 0.0, 1557406669.8558547]
[0.0, 0.0, 0.0, 0.0, 0.0, 1557406669.8714757]
[0.0, 0.0, 0.0, 0.0, 0.0, 1557406669.8870971]
[0.0, 0.0, 0.0, 0.0, 0.0, 1557406669.9027202]
[0.0, 0.0, 0.0, 0.0, 0.0, 1557406669.9183395]
[0.0, 0.0, 0.0, 0.0, 0.0, 1557406669.9339614]
[0.0, 0.0, 0.0, 0.0, 0.0, 1557406669.9496405]
[0.0, 0.0, 0.0, 0.0, 0.0, 1557406669.965204]
[0.0, 0.0, 0.0, 0.0, 0.0, 1557406669.9808252]
[0.0, 0.0, 0.0, 0.0, 0.0, 1557406669.996447]
[0.0, 0.0, 0.0, 0.0, 0.0, 1557406670.0120685]
[0.0, 0.0, 0.0, 0.0, 0.0, 1557406670.027689]
[0.0, 0.0, 0.0, 0.0, 0.0, 1557406670.0433116]
[0.0, 0.0, 0.0, 0.0, 0.0, 1557406670.058932]
[0.0, 0.0, 0.0, 0.0, 0.0, 1557406670.0745533]
[0.0, 0.0, 0.0, 0.0, 0.0, 1557406670.0902102]
[0.0, 0.0, 0.0, 0.0, 0.0, 1557406670.1058314]
[0.0, 0.0, 0.0, 0.0, 0.0, 1557406670.1214595]
[0.0, 0.0, 0.0, 0.0, 0.0, 1557406670.1370385]
[0.0, 0.0, 0.0, 0.0, 0.0, 1557406670.152661]
[0.0, 0.0, 0.0, 0.0, 0.0, 1557406670.1683166]
[0.0, 0.0, 0.0, 0.0, 0.0, 1557406670.1839404]
[0.0, 0.0, 0.0, 0.0, 0.0, 1557406670.1995254]
[0.0, 0.0, 0.0, 0.0, 0.0, 1557406670.2151468]
[0.0, 0.0, 0.0, 0.0, 0.0, 1557406670.230767]
[0.0, 0.0, 0.0, 0.0, 0.0, 1557406670.2464237]
[0.0, 0.0, 0.0, 0.0, 0.0, 1557406670.2620106]
[0.0, 0.0, 0.0, 0.0, 0.0, 1557406670.2776685]
[0.0, 0.0, 0.0, 0.0, 0.0, 1557406670.293252]
[0.0, 0.0, 0.0, 0.0, 0.0, 1557406670.3088734]
[0.0, 0.0, 0.0, 0.0, 0.0, 1557406670.3244946]
[0.0, 0.0, 0.0, 0.0, 0.0, 1557406670.3401558]
[0.0, 0.0, 0.0, 0.0, 0.0, 1557406670.3557394]
[0.0, 0.0, 0.0, 0.0, 0.0, 1557406670.3713603]
[0.0, 0.0, 0.0, 0.0, 0.0, 1557406670.386982]
[0.0, 0.0, 0.0, 0.0, 0.0, 1557406670.4026022]
[0.0, 0.0, 0.0, 0.0, 0.0, 1557406670.418226]
[0.0, 0.0, 0.0, 0.0, 0.0, 1557406670.4338448]
